1 1 1 1   1.0268657915006267
1 1 1 2   0.7677254995902887
1 1 1 3   0.0
1 1 1 4   0.0
1 1 1 5   0.0
1 1 2 1   0.7677254995902886
1 1 2 2   0.7335631187747007
1 1 2 3   0.0
1 1 2 4   0.0
1 1 2 5   0.0
1 1 3 1   0.0
1 1 3 2   0.0
1 1 3 3   0.9612625413259802
1 1 3 4   0.0
1 1 3 5   0.0
1 1 4 1   0.0
1 1 4 2   0.0
1 1 4 3   0.0
1 1 4 4   0.9612625413259802
1 1 4 5   0.0
1 1 5 1   0.0
1 1 5 2   0.0
1 1 5 3   0.0
1 1 5 4   0.0
1 1 5 5   0.9612625413259802
1 2 1 1   0.7677254995902886
1 2 1 2   0.6012732345729436
1 2 1 3   0.0
1 2 1 4   0.0
1 2 1 5   0.0
1 2 2 1   0.6012732345729436
1 2 2 2   0.5978304349158898
1 2 2 3   0.0
1 2 2 4   0.0
1 2 2 5   0.0
1 2 3 1   0.0
1 2 3 2   0.0
1 2 3 3   0.748803009741875
1 2 3 4   0.0
1 2 3 5   0.0
1 2 4 1   0.0
1 2 4 2   0.0
1 2 4 3   0.0
1 2 4 4   0.748803009741875
1 2 4 5   0.0
1 2 5 1   0.0
1 2 5 2   0.0
1 2 5 3   0.0
1 2 5 4   0.0
1 2 5 5   0.748803009741875
1 3 1 1   0.0
1 3 1 2   0.0
1 3 1 3   0.18314934491030951
1 3 1 4   0.0
1 3 1 5   0.0
1 3 2 1   0.0
1 3 2 2   0.0
1 3 2 3   0.15115934326469552
1 3 2 4   0.0
1 3 2 5   0.0
1 3 3 1   0.18314934491030951
1 3 3 2   0.1511593432646955
1 3 3 3   0.0
1 3 3 4   0.0
1 3 3 5   0.0
1 3 4 1   0.0
1 3 4 2   0.0
1 3 4 3   0.0
1 3 4 4   0.0
1 3 4 5   0.0
1 3 5 1   0.0
1 3 5 2   0.0
1 3 5 3   0.0
1 3 5 4   0.0
1 3 5 5   0.0
1 4 1 1   0.0
1 4 1 2   0.0
1 4 1 3   0.0
1 4 1 4   0.18314934491030951
1 4 1 5   0.0
1 4 2 1   0.0
1 4 2 2   0.0
1 4 2 3   0.0
1 4 2 4   0.15115934326469552
1 4 2 5   0.0
1 4 3 1   0.0
1 4 3 2   0.0
1 4 3 3   0.0
1 4 3 4   0.0
1 4 3 5   0.0
1 4 4 1   0.18314934491030951
1 4 4 2   0.1511593432646955
1 4 4 3   0.0
1 4 4 4   0.0
1 4 4 5   0.0
1 4 5 1   0.0
1 4 5 2   0.0
1 4 5 3   0.0
1 4 5 4   0.0
1 4 5 5   0.0
1 5 1 1   0.0
1 5 1 2   0.0
1 5 1 3   0.0
1 5 1 4   0.0
1 5 1 5   0.18314934491030951
1 5 2 1   0.0
1 5 2 2   0.0
1 5 2 3   0.0
1 5 2 4   0.0
1 5 2 5   0.15115934326469552
1 5 3 1   0.0
1 5 3 2   0.0
1 5 3 3   0.0
1 5 3 4   0.0
1 5 3 5   0.0
1 5 4 1   0.0
1 5 4 2   0.0
1 5 4 3   0.0
1 5 4 4   0.0
1 5 4 5   0.0
1 5 5 1   0.18314934491030951
1 5 5 2   0.1511593432646955
1 5 5 3   0.0
1 5 5 4   0.0
1 5 5 5   0.0
2 1 1 1   0.7677254995902886
2 1 1 2   0.6012732345729436
2 1 1 3   0.0
2 1 1 4   0.0
2 1 1 5   0.0
2 1 2 1   0.6012732345729436
2 1 2 2   0.5978304349158898
2 1 2 3   0.0
2 1 2 4   0.0
2 1 2 5   0.0
2 1 3 1   0.0
2 1 3 2   0.0
2 1 3 3   0.748803009741875
2 1 3 4   0.0
2 1 3 5   0.0
2 1 4 1   0.0
2 1 4 2   0.0
2 1 4 3   0.0
2 1 4 4   0.748803009741875
2 1 4 5   0.0
2 1 5 1   0.0
2 1 5 2   0.0
2 1 5 3   0.0
2 1 5 4   0.0
2 1 5 5   0.748803009741875
2 2 1 1   0.7335631187747007
2 2 1 2   0.5978304349158898
2 2 1 3   0.0
2 2 1 4   0.0
2 2 1 5   0.0
2 2 2 1   0.5978304349158898
2 2 2 2   0.6155616041576865
2 2 2 3   0.0
2 2 2 4   0.0
2 2 2 5   0.0
2 2 3 1   0.0
2 2 3 2   0.0
2 2 3 3   0.7344037258323984
2 2 3 4   0.0
2 2 3 5   0.0
2 2 4 1   0.0
2 2 4 2   0.0
2 2 4 3   0.0
2 2 4 4   0.7344037258323984
2 2 4 5   0.0
2 2 5 1   0.0
2 2 5 2   0.0
2 2 5 3   0.0
2 2 5 4   0.0
2 2 5 5   0.7344037258323984
2 3 1 1   0.0
2 3 1 2   0.0
2 3 1 3   0.1511593432646955
2 3 1 4   0.0
2 3 1 5   0.0
2 3 2 1   0.0
2 3 2 2   0.0
2 3 2 3   0.13000788595743884
2 3 2 4   0.0
2 3 2 5   0.0
2 3 3 1   0.1511593432646955
2 3 3 2   0.1300078859574388
2 3 3 3   0.0
2 3 3 4   0.0
2 3 3 5   0.0
2 3 4 1   0.0
2 3 4 2   0.0
2 3 4 3   0.0
2 3 4 4   0.0
2 3 4 5   0.0
2 3 5 1   0.0
2 3 5 2   0.0
2 3 5 3   0.0
2 3 5 4   0.0
2 3 5 5   0.0
2 4 1 1   0.0
2 4 1 2   0.0
2 4 1 3   0.0
2 4 1 4   0.1511593432646955
2 4 1 5   0.0
2 4 2 1   0.0
2 4 2 2   0.0
2 4 2 3   0.0
2 4 2 4   0.13000788595743884
2 4 2 5   0.0
2 4 3 1   0.0
2 4 3 2   0.0
2 4 3 3   0.0
2 4 3 4   0.0
2 4 3 5   0.0
2 4 4 1   0.1511593432646955
2 4 4 2   0.1300078859574388
2 4 4 3   0.0
2 4 4 4   0.0
2 4 4 5   0.0
2 4 5 1   0.0
2 4 5 2   0.0
2 4 5 3   0.0
2 4 5 4   0.0
2 4 5 5   0.0
2 5 1 1   0.0
2 5 1 2   0.0
2 5 1 3   0.0
2 5 1 4   0.0
2 5 1 5   0.1511593432646955
2 5 2 1   0.0
2 5 2 2   0.0
2 5 2 3   0.0
2 5 2 4   0.0
2 5 2 5   0.13000788595743884
2 5 3 1   0.0
2 5 3 2   0.0
2 5 3 3   0.0
2 5 3 4   0.0
2 5 3 5   0.0
2 5 4 1   0.0
2 5 4 2   0.0
2 5 4 3   0.0
2 5 4 4   0.0
2 5 4 5   0.0
2 5 5 1   0.1511593432646955
2 5 5 2   0.1300078859574388
2 5 5 3   0.0
2 5 5 4   0.0
2 5 5 5   0.0
3 1 1 1   0.0
3 1 1 2   0.0
3 1 1 3   0.18314934491030951
3 1 1 4   0.0
3 1 1 5   0.0
3 1 2 1   0.0
3 1 2 2   0.0
3 1 2 3   0.15115934326469552
3 1 2 4   0.0
3 1 2 5   0.0
3 1 3 1   0.18314934491030951
3 1 3 2   0.1511593432646955
3 1 3 3   0.0
3 1 3 4   0.0
3 1 3 5   0.0
3 1 4 1   0.0
3 1 4 2   0.0
3 1 4 3   0.0
3 1 4 4   0.0
3 1 4 5   0.0
3 1 5 1   0.0
3 1 5 2   0.0
3 1 5 3   0.0
3 1 5 4   0.0
3 1 5 5   0.0
3 2 1 1   0.0
3 2 1 2   0.0
3 2 1 3   0.1511593432646955
3 2 1 4   0.0
3 2 1 5   0.0
3 2 2 1   0.0
3 2 2 2   0.0
3 2 2 3   0.13000788595743884
3 2 2 4   0.0
3 2 2 5   0.0
3 2 3 1   0.1511593432646955
3 2 3 2   0.1300078859574388
3 2 3 3   0.0
3 2 3 4   0.0
3 2 3 5   0.0
3 2 4 1   0.0
3 2 4 2   0.0
3 2 4 3   0.0
3 2 4 4   0.0
3 2 4 5   0.0
3 2 5 1   0.0
3 2 5 2   0.0
3 2 5 3   0.0
3 2 5 4   0.0
3 2 5 5   0.0
3 3 1 1   0.9612625413259802
3 3 1 2   0.748803009741875
3 3 1 3   0.0
3 3 1 4   0.0
3 3 1 5   0.0
3 3 2 1   0.748803009741875
3 3 2 2   0.7344037258323985
3 3 2 3   0.0
3 3 2 4   0.0
3 3 2 5   0.0
3 3 3 1   0.0
3 3 3 2   0.0
3 3 3 3   1.0405308991232871
3 3 3 4   0.0
3 3 3 5   0.0
3 3 4 1   0.0
3 3 4 2   0.0
3 3 4 3   0.0
3 3 4 4   0.9131189522918641
3 3 4 5   0.0
3 3 5 1   0.0
3 3 5 2   0.0
3 3 5 3   0.0
3 3 5 4   0.0
3 3 5 5   0.9131189522918641
3 4 1 1   0.0
3 4 1 2   0.0
3 4 1 3   0.0
3 4 1 4   0.0
3 4 1 5   0.0
3 4 2 1   0.0
3 4 2 2   0.0
3 4 2 3   0.0
3 4 2 4   0.0
3 4 2 5   0.0
3 4 3 1   0.0
3 4 3 2   0.0
3 4 3 3   0.0
3 4 3 4   0.06370597341571145
3 4 3 5   0.0
3 4 4 1   0.0
3 4 4 2   0.0
3 4 4 3   0.06370597341571145
3 4 4 4   0.0
3 4 4 5   0.0
3 4 5 1   0.0
3 4 5 2   0.0
3 4 5 3   0.0
3 4 5 4   0.0
3 4 5 5   0.0
3 5 1 1   0.0
3 5 1 2   0.0
3 5 1 3   0.0
3 5 1 4   0.0
3 5 1 5   0.0
3 5 2 1   0.0
3 5 2 2   0.0
3 5 2 3   0.0
3 5 2 4   0.0
3 5 2 5   0.0
3 5 3 1   0.0
3 5 3 2   0.0
3 5 3 3   0.0
3 5 3 4   0.0
3 5 3 5   0.06370597341571145
3 5 4 1   0.0
3 5 4 2   0.0
3 5 4 3   0.0
3 5 4 4   0.0
3 5 4 5   0.0
3 5 5 1   0.0
3 5 5 2   0.0
3 5 5 3   0.06370597341571145
3 5 5 4   0.0
3 5 5 5   0.0
4 1 1 1   0.0
4 1 1 2   0.0
4 1 1 3   0.0
4 1 1 4   0.18314934491030951
4 1 1 5   0.0
4 1 2 1   0.0
4 1 2 2   0.0
4 1 2 3   0.0
4 1 2 4   0.15115934326469552
4 1 2 5   0.0
4 1 3 1   0.0
4 1 3 2   0.0
4 1 3 3   0.0
4 1 3 4   0.0
4 1 3 5   0.0
4 1 4 1   0.18314934491030951
4 1 4 2   0.1511593432646955
4 1 4 3   0.0
4 1 4 4   0.0
4 1 4 5   0.0
4 1 5 1   0.0
4 1 5 2   0.0
4 1 5 3   0.0
4 1 5 4   0.0
4 1 5 5   0.0
4 2 1 1   0.0
4 2 1 2   0.0
4 2 1 3   0.0
4 2 1 4   0.1511593432646955
4 2 1 5   0.0
4 2 2 1   0.0
4 2 2 2   0.0
4 2 2 3   0.0
4 2 2 4   0.13000788595743884
4 2 2 5   0.0
4 2 3 1   0.0
4 2 3 2   0.0
4 2 3 3   0.0
4 2 3 4   0.0
4 2 3 5   0.0
4 2 4 1   0.1511593432646955
4 2 4 2   0.1300078859574388
4 2 4 3   0.0
4 2 4 4   0.0
4 2 4 5   0.0
4 2 5 1   0.0
4 2 5 2   0.0
4 2 5 3   0.0
4 2 5 4   0.0
4 2 5 5   0.0
4 3 1 1   0.0
4 3 1 2   0.0
4 3 1 3   0.0
4 3 1 4   0.0
4 3 1 5   0.0
4 3 2 1   0.0
4 3 2 2   0.0
4 3 2 3   0.0
4 3 2 4   0.0
4 3 2 5   0.0
4 3 3 1   0.0
4 3 3 2   0.0
4 3 3 3   0.0
4 3 3 4   0.06370597341571145
4 3 3 5   0.0
4 3 4 1   0.0
4 3 4 2   0.0
4 3 4 3   0.06370597341571145
4 3 4 4   0.0
4 3 4 5   0.0
4 3 5 1   0.0
4 3 5 2   0.0
4 3 5 3   0.0
4 3 5 4   0.0
4 3 5 5   0.0
4 4 1 1   0.9612625413259802
4 4 1 2   0.748803009741875
4 4 1 3   0.0
4 4 1 4   0.0
4 4 1 5   0.0
4 4 2 1   0.748803009741875
4 4 2 2   0.7344037258323985
4 4 2 3   0.0
4 4 2 4   0.0
4 4 2 5   0.0
4 4 3 1   0.0
4 4 3 2   0.0
4 4 3 3   0.9131189522918641
4 4 3 4   0.0
4 4 3 5   0.0
4 4 4 1   0.0
4 4 4 2   0.0
4 4 4 3   0.0
4 4 4 4   1.0405308991232871
4 4 4 5   0.0
4 4 5 1   0.0
4 4 5 2   0.0
4 4 5 3   0.0
4 4 5 4   0.0
4 4 5 5   0.9131189522918641
4 5 1 1   0.0
4 5 1 2   0.0
4 5 1 3   0.0
4 5 1 4   0.0
4 5 1 5   0.0
4 5 2 1   0.0
4 5 2 2   0.0
4 5 2 3   0.0
4 5 2 4   0.0
4 5 2 5   0.0
4 5 3 1   0.0
4 5 3 2   0.0
4 5 3 3   0.0
4 5 3 4   0.0
4 5 3 5   0.0
4 5 4 1   0.0
4 5 4 2   0.0
4 5 4 3   0.0
4 5 4 4   0.0
4 5 4 5   0.06370597341571145
4 5 5 1   0.0
4 5 5 2   0.0
4 5 5 3   0.0
4 5 5 4   0.06370597341571145
4 5 5 5   0.0
5 1 1 1   0.0
5 1 1 2   0.0
5 1 1 3   0.0
5 1 1 4   0.0
5 1 1 5   0.18314934491030951
5 1 2 1   0.0
5 1 2 2   0.0
5 1 2 3   0.0
5 1 2 4   0.0
5 1 2 5   0.15115934326469552
5 1 3 1   0.0
5 1 3 2   0.0
5 1 3 3   0.0
5 1 3 4   0.0
5 1 3 5   0.0
5 1 4 1   0.0
5 1 4 2   0.0
5 1 4 3   0.0
5 1 4 4   0.0
5 1 4 5   0.0
5 1 5 1   0.18314934491030951
5 1 5 2   0.1511593432646955
5 1 5 3   0.0
5 1 5 4   0.0
5 1 5 5   0.0
5 2 1 1   0.0
5 2 1 2   0.0
5 2 1 3   0.0
5 2 1 4   0.0
5 2 1 5   0.1511593432646955
5 2 2 1   0.0
5 2 2 2   0.0
5 2 2 3   0.0
5 2 2 4   0.0
5 2 2 5   0.13000788595743884
5 2 3 1   0.0
5 2 3 2   0.0
5 2 3 3   0.0
5 2 3 4   0.0
5 2 3 5   0.0
5 2 4 1   0.0
5 2 4 2   0.0
5 2 4 3   0.0
5 2 4 4   0.0
5 2 4 5   0.0
5 2 5 1   0.1511593432646955
5 2 5 2   0.1300078859574388
5 2 5 3   0.0
5 2 5 4   0.0
5 2 5 5   0.0
5 3 1 1   0.0
5 3 1 2   0.0
5 3 1 3   0.0
5 3 1 4   0.0
5 3 1 5   0.0
5 3 2 1   0.0
5 3 2 2   0.0
5 3 2 3   0.0
5 3 2 4   0.0
5 3 2 5   0.0
5 3 3 1   0.0
5 3 3 2   0.0
5 3 3 3   0.0
5 3 3 4   0.0
5 3 3 5   0.06370597341571145
5 3 4 1   0.0
5 3 4 2   0.0
5 3 4 3   0.0
5 3 4 4   0.0
5 3 4 5   0.0
5 3 5 1   0.0
5 3 5 2   0.0
5 3 5 3   0.06370597341571145
5 3 5 4   0.0
5 3 5 5   0.0
5 4 1 1   0.0
5 4 1 2   0.0
5 4 1 3   0.0
5 4 1 4   0.0
5 4 1 5   0.0
5 4 2 1   0.0
5 4 2 2   0.0
5 4 2 3   0.0
5 4 2 4   0.0
5 4 2 5   0.0
5 4 3 1   0.0
5 4 3 2   0.0
5 4 3 3   0.0
5 4 3 4   0.0
5 4 3 5   0.0
5 4 4 1   0.0
5 4 4 2   0.0
5 4 4 3   0.0
5 4 4 4   0.0
5 4 4 5   0.06370597341571145
5 4 5 1   0.0
5 4 5 2   0.0
5 4 5 3   0.0
5 4 5 4   0.06370597341571145
5 4 5 5   0.0
5 5 1 1   0.9612625413259802
5 5 1 2   0.748803009741875
5 5 1 3   0.0
5 5 1 4   0.0
5 5 1 5   0.0
5 5 2 1   0.748803009741875
5 5 2 2   0.7344037258323985
5 5 2 3   0.0
5 5 2 4   0.0
5 5 2 5   0.0
5 5 3 1   0.0
5 5 3 2   0.0
5 5 3 3   0.9131189522918641
5 5 3 4   0.0
5 5 3 5   0.0
5 5 4 1   0.0
5 5 4 2   0.0
5 5 4 3   0.0
5 5 4 4   0.9131189522918641
5 5 4 5   0.0
5 5 5 1   0.0
5 5 5 2   0.0
5 5 5 3   0.0
5 5 5 4   0.0
5 5 5 5   1.0405308991232871